8.483428982440725667e+04 5.000000000000000000e+00
7.262394976927290554e+04 5.236220472440944462e+00
6.217106421243875229e+04 5.472440944881889813e+00
5.322267981274916383e+04 5.708661417322834275e+00
4.556225122303246462e+04 5.944881889763779625e+00
3.900440082713470474e+04 6.181102362204724088e+00
3.339043271669433307e+04 6.417322834645669438e+00
2.858449234868029816e+04 6.653543307086613900e+00
2.447027894979167831e+04 6.889763779527559251e+00
2.094823110994533272e+04 7.125984251968503713e+00
1.793311745796086689e+04 7.362204724409448175e+00
1.535197411529130841e+04 7.598425196850393526e+00
1.314233901545932531e+04 7.834645669291338876e+00
1.125074036082605016e+04 8.070866141732283339e+00
9.631402638284198474e+03 8.307086614173227801e+00
8.245138880259150028e+03 8.543307086614174040e+00
7.058402364421546736e+03 8.779527559055118502e+00
6.042474803833240003e+03 9.015748031496062964e+00
5.172771382232154792e+03 9.251968503937007426e+00
4.428245816741412455e+03 9.488188976377951889e+00
3.790881050889591734e+03 9.724409448818896351e+00
3.245253253029368352e+03 9.960629921259842590e+00
2.778158569187041849e+03 1.019685039370078705e+01
2.378293597993520052e+03 1.043307086614173329e+01
2.035981855388527038e+03 1.066929133858267775e+01
1.742939609713652771e+03 1.090551181102362222e+01
1.492075420548908369e+03 1.114173228346456668e+01
1.277318530257028442e+03 1.137795275590551114e+01
1.093471955417481013e+03 1.161417322834645560e+01
9.360867230540579840e+02 1.185039370078740184e+01
8.013542082508519115e+02 1.208661417322834630e+01
6.860139677937338547e+02 1.232283464566929254e+01
5.872748394687210975e+02 1.255905511811023700e+01
5.027473976691854318e+02 1.279527559055118147e+01
4.303861307795735911e+02 1.303149606299212593e+01
3.684399410641948975e+02 1.326771653543307039e+01
3.154097691891288946e+02 1.350393700787401485e+01
2.700123179169818854e+02 1.374015748031496109e+01
2.311489971104361700e+02 1.397637795275590555e+01
1.978793385329481680e+02 1.421259842519685002e+01
1.693982371012815236e+02 1.444881889763779448e+01
1.450164678423154783e+02 1.468503937007874072e+01
1.241440070765781769e+02 1.492125984251968518e+01
1.062757542114977838e+02 1.515748031496062964e+01
9.097930862063807922e+01 1.539370078740157410e+01
7.788450581697966868e+01 1.562992125984252034e+01
6.667445970213840667e+01 1.586614173228346480e+01
5.707789411951203817e+01 1.610236220472440749e+01
4.886257813970298258e+01 1.633858267716535551e+01
4.182970621620056306e+01 1.657480314960629642e+01
3.580908721457561938e+01 1.681102362204724443e+01
3.065502589268621492e+01 1.704724409448818889e+01
2.624279716626671188e+01 1.728346456692913335e+01
2.246562783932029461e+01 1.751968503937007782e+01
1.923211275906234974e+01 1.775590551181102228e+01
1.646400286796873758e+01 1.799212598425197029e+01
1.409431162516227687e+01 1.822834645669291120e+01
1.206569397370933494e+01 1.846456692913385922e+01
1.032905862584331480e+01 1.870078740157480368e+01
8.842380084276973307e+00 1.893700787401574814e+01
7.569681651258365562e+00 1.917322834645669261e+01
6.480164814820092545e+00 1.940944881889763707e+01
5.547463943909912487e+00 1.964566929133858508e+01
4.749008256487538659e+00 1.988188976377952599e+01
4.065475620611433527e+00 2.011811023622047401e+01
3.480324970841492949e+00 2.035433070866141492e+01
2.979396024724182190e+00 2.059055118110236293e+01
2.550566612748232931e+00 2.082677165354330739e+01
2.183459329368016011e+00 2.106299212598425186e+01
1.869190406231834967e+00 2.129921259842519632e+01
1.600154730502997280e+00 2.153543307086614078e+01
1.369841805850539274e+00 2.177165354330708524e+01
1.172678202479839227e+00 2.200787401574802971e+01
1.003892683591659951e+00 2.224409448818897772e+01
8.594007444136776419e-01 2.248031496062992218e+01
7.357057697207017855e-01 2.271653543307086665e+01
6.298144179169924417e-01 2.295275590551181111e+01
5.391641840279539633e-01 2.318897637795275557e+01
4.615613886705948743e-01 2.342519685039370003e+01
3.951280923743304974e-01 2.366141732283464449e+01
3.382566506116501670e-01 2.389763779527558896e+01
2.895708097986026686e-01 2.413385826771653342e+01
2.478924028124647738e-01 2.437007874015748143e+01
2.122128380787984547e-01 2.460629921259842590e+01
1.816686922814961247e-01 2.484251968503937036e+01
1.555208160545599461e-01 2.507874015748031482e+01
1.331364470263201594e-01 2.531496062992125928e+01
1.139738973628697249e-01 2.555118110236220375e+01
9.756944525877213337e-02 2.578740157480314821e+01
8.352611315725592955e-02 2.602362204724409267e+01
7.150406113979074219e-02 2.625984251968504068e+01
6.121236301103748917e-02 2.649606299212598515e+01
5.240196606553185199e-02 2.673228346456692961e+01
4.485966416682874575e-02 2.696850393700787407e+01
3.840293829136189746e-02 2.720472440944881853e+01
3.287553968138423599e-02 2.744094488188976300e+01
2.814370872203230539e-02 2.767716535433070746e+01
2.409293804168651312e-02 2.791338582677165192e+01
2.062520150466611024e-02 2.814960629921259638e+01
1.765658203960175296e-02 2.838582677165354440e+01
1.511524089840570947e-02 2.862204724409448886e+01
1.293967920316641852e-02 2.885826771653543332e+01
1.107724971148279537e-02 2.909448818897637778e+01
9.482882785882273957e-03 2.933070866141732225e+01
8.117995736573941842e-03 2.956692913385826671e+01
6.949559144308388274e-03 2.980314960629921117e+01
5.949297568937006973e-03 3.003937007874015563e+01
5.093005301314268082e-03 3.027559055118110365e+01
4.359960600163748090e-03 3.051181102362204811e+01
3.732424238803526244e-03 3.074803149606299257e+01
3.195210226873348210e-03 3.098425196850393704e+01
2.735318318795608872e-03 3.122047244094488150e+01
2.341619415903117580e-03 3.145669291338582596e+01
2.004586249160484387e-03 3.169291338582677042e+01
1.716062825168152743e-03 3.192913385826771488e+01
1.469067056185488019e-03 3.216535433070865935e+01
1.257621797942051842e-03 3.240157480314960736e+01
1.076610206456980832e-03 3.263779527559054827e+01
9.216519135912320734e-04 3.287401574803149629e+01
7.889970248580595617e-04 3.311023622047244430e+01
6.754353743044133650e-04 3.334645669291338521e+01
5.782188404877896355e-04 3.358267716535432612e+01
4.949948436434120852e-04 3.381889763779527414e+01
4.237494147144446003e-04 3.405511811023622215e+01
3.627584585511150735e-04 3.429133858267717017e+01
3.105460318784388852e-04 3.452755905511811108e+01
2.658486263852494484e-04 3.476377952755905199e+01
2.275845926074788713e-04 3.500000000000000000e+01
