-5.803326311402538247e-11
-4.995281769759858680e-10
1.228534230261696082e-09
-1.523125790675885716e-09
1.330012335201488997e-09
-3.118337099216704228e-10
-6.861097459847812904e-10
1.332981347853872971e-09
-8.950988559321580085e-10
-1.740614945452028463e-10
1.080404354948369014e-09
-8.984505203490633681e-10
-3.238793743344629433e-11
9.797273951888196538e-10
-7.021632593349968609e-10
-1.207970194498106102e-10
9.330409592445539913e-10
-4.610983054313123795e-10
-3.531698745066489510e-10
8.473749057986013913e-10
