-5.218055243828375058e-09
4.562880430668277064e-09
-5.098590189611466739e-10
-4.099941037456974541e-09
9.271267654221240859e-09
-8.414128575527371624e-09
4.158517397358386540e-09
5.664642948966574416e-09
-9.821164756764080337e-09
8.195004735477374235e-09
3.181312694919952242e-09
-9.830158821613104779e-09
9.227085019251645538e-09
3.647702935894258418e-09
-1.037208764170238334e-08
7.988018636899550491e-09
6.627065424719582606e-09
-1.069315593705943705e-08
3.979038690734411996e-09
1.070397322641839761e-08
