+4.22089580599708132389e-22	+6.85509760233520648324e-22	+6.12134292558115342299e-22	+3.32898749306052307527e-22	+7.82134083134561487255e-23	-4.66544486753713053799e-23	-6.89908713044610398291e-23	-4.98593535156830006995e-23	-2.71449292725892488501e-23	-1.25922005258145530707e-23	-5.51801415978620096440e-24	-2.60525039923922314090e-24	-1.50724185830377594103e-24	-1.10153400959134358068e-24	-9.03497304382172328786e-25	-7.55211903259347849142e-25	-6.45818675698005343823e-25	-5.46675598252465467260e-25	-4.47412142669867695391e-25	-3.80413346708833022150e-25	
+6.85509760233520648324e-22	+1.50926978283629659858e-21	+1.66924945835939988933e-21	+1.12636554786490545047e-21	+4.27869862056504293483e-22	-1.58018537168240158473e-23	-1.64302742554742071850e-22	-1.51213167037682917407e-22	-9.49195962580477675107e-23	-4.88245094591531706916e-23	-2.26730302659128164897e-23	-1.06048809584533061725e-23	-5.71523144785596759978e-24	-3.81252876695721169239e-24	-2.96254325724332778011e-24	-2.45405609999355791190e-24	-2.07220638576559330175e-24	-1.74757611271000945719e-24	-1.46860226896205424581e-24	-1.24346670417487394598e-24	
+6.12134292558115342299e-22	+1.66924945835939988933e-21	+2.46216585231637853128e-21	+2.16730571491315291093e-21	+1.17882187276095174383e-21	+2.89638503765796742409e-22	-1.59687502069079081254e-22	-2.57630890081336356841e-22	-2.00603549809793867111e-22	-1.18878406151864241180e-22	-6.06087403425164494022e-23	-2.92055621986702608744e-23	-1.49184192831412776414e-23	-8.97237361117763602508e-24	-6.44790551035110516641e-24	-5.15037863377616800970e-24	-4.27459304054403410757e-24	-3.60048790464573677431e-24	-3.04880859639433907910e-24	-2.56381921384840883174e-24	
+3.32898749306052307527e-22	+1.12636554786490545047e-21	+2.16730571491315291093e-21	+2.64858263539565042698e-21	+2.03299562007981781053e-21	+9.46111825884683959219e-22	+1.20372530136206361787e-22	-2.41086296776991342196e-22	-2.85714923204148385508e-22	-2.07878477978017567633e-22	-1.21278807113941395734e-22	-6.29287469019009481099e-23	-3.19259960366460255113e-23	-1.76455814804519118234e-23	-1.14236894749982385741e-23	-8.53047000107157643483e-24	-6.88759478314150590882e-24	-5.73009763367069817468e-24	-4.82072177606500888961e-24	-4.06293089537304634839e-24	
+7.82134083134561487255e-23	+4.27869862056504293483e-22	+1.17882187276095174383e-21	+2.03299562007981781053e-21	+2.32015897355970477735e-21	+1.68095332754146368366e-21	+7.18324883107753664447e-22	+3.16862703552994070404e-23	-2.48690203686507228349e-22	-2.67313013055002669440e-22	-1.90824563477704089197e-22	-1.12157389674502597902e-22	-5.98897794348105436358e-23	-3.19294689187376343644e-23	-1.87153166572260316142e-23	-1.26632137887404687050e-23	-9.64892432383512038685e-24	-7.82514651728466173294e-24	-6.49441618675354407251e-24	-5.44614791341030410265e-24	
-4.66544486753713053799e-23	-1.58018537168240158473e-23	+2.89638503765796742409e-22	+9.46111825884683959219e-22	+1.68095332754146368366e-21	+1.93693470650231844093e-21	+1.39646111824900475587e-21	+5.83620002478530138323e-22	+9.31410612020178977222e-24	-2.21510303341107677615e-22	-2.33731603539283608289e-22	-1.67542469006873450586e-22	-1.00141979673931640380e-22	-5.50732485590795471725e-23	-3.05695389441658454202e-23	-1.86603664023808328573e-23	-1.29617180758469123004e-23	-9.96586653590734315436e-24	-8.08129280787880180284e-24	-6.69178662756416624124e-24	
-6.89908713044610398291e-23	-1.64302742554742071850e-22	-1.59687502069079081254e-22	+1.20372530136206361787e-22	+7.18324883107753664447e-22	+1.39646111824900475587e-21	+1.66597765564364990235e-21	+1.21601523493791999198e-21	+5.12809835431744382865e-22	+1.34207967579675875865e-23	-1.88612091062391492442e-22	-2.01559907631589961291e-22	-1.46273804439462076899e-22	-8.90309039159753936437e-23	-5.02460589189279873060e-23	-2.87786180529968623460e-23	-1.80615819620128080930e-23	-1.27405132008854768250e-23	-9.83987855357918507067e-24	-7.97126411497441296766e-24	
-4.98593535156830006995e-23	-1.51213167037682917407e-22	-2.57630890081336356841e-22	-2.41086296776991342196e-22	+3.16862703552994070404e-23	+5.83620002478530138323e-22	+1.21601523493791999198e-21	+1.49031427291513008765e-21	+1.09998267807093047725e-21	+4.71367323071788415164e-22	+2.31357099641597026349e-23	-1.60073557160945167012e-22	-1.75027415849170275794e-22	-1.28764274649790329585e-22	-7.96877850948117765173e-23	-4.59615769197401489009e-23	-2.69741033474926840901e-23	-1.72767343501788329927e-23	-1.23166922337859181903e-23	-9.53034344631195831721e-24	
-2.71449292725892488501e-23	-9.49195962580477675107e-23	-2.00603549809793867111e-22	-2.85714923204148385508e-22	-2.48690203686507228349e-22	+9.31410612020178977222e-24	+5.12809835431744382865e-22	+1.09998267807093047725e-21	+1.36950592795290514410e-21	+1.01826625698012281336e-21	+4.42909950699490006926e-22	+3.22166434710981698763e-23	-1.37114931155602091892e-22	-1.53807160177440491396e-22	-1.14613844317295473145e-22	-7.19640419956036327194e-23	-4.22795277068474853548e-23	-2.53169321667222461677e-23	-1.64708767467481523182e-23	-1.18239361383393546778e-23	
-1.25922005258145530707e-23	-4.88245094591531706916e-23	-1.18878406151864241180e-22	-2.07878477978017567633e-22	-2.67313013055002669440e-22	-2.21510303341107677615e-22	+1.34207967579675875865e-23	+4.71367323071788415164e-22	+1.01826625698012281336e-21	+1.28000306183459465838e-21	+9.56402729322420580576e-22	+4.21309387240520680616e-22	+3.96555995913816381675e-23	-1.18754219241246229616e-22	-1.36725270993334750161e-22	-1.03085213306385338968e-22	-6.55578288475603635398e-23	-3.91300765941600376264e-23	-2.38189699763967239744e-23	-1.56872873354140857990e-23	
-5.51801415978620096440e-24	-2.26730302659128164897e-23	-6.06087403425164494022e-23	-1.21278807113941395734e-22	-1.90824563477704089197e-22	-2.33731603539283608289e-22	-1.88612091062391492442e-22	+2.31357099641597026349e-23	+4.42909950699490006926e-22	+9.56402729322420580576e-22	+1.21035136699624205572e-21	+9.07536472756556498266e-22	+4.04088384152428070267e-22	+4.56610064611316087696e-23	-1.03876895177035203071e-22	-1.22785295770020178999e-22	-9.35677181501598511191e-23	-6.01679686805426625417e-23	-3.64027743351300459043e-23	-2.24726005169615601235e-23	
-2.60525039923922314090e-24	-1.06048809584533061725e-23	-2.92055621986702608744e-23	-6.29287469019009481099e-23	-1.12157389674502597902e-22	-1.67542469006873450586e-22	-2.01559907631589961291e-22	-1.60073557160945167012e-22	+3.22166434710981698763e-23	+4.21309387240520680616e-22	+9.07536472756556498266e-22	+1.15445744100349468638e-21	+8.67908851738479271223e-22	+3.89992388667547188790e-22	+5.05434405666025065385e-23	-9.16367580151818765617e-23	-1.11219673074807212230e-22	-8.55840937831901996779e-23	-5.55798518692526565423e-23	-3.40288643481812982157e-23	
-1.50724185830377594103e-24	-5.71523144785596759978e-24	-1.49184192831412776414e-23	-3.19259960366460255113e-23	-5.98897794348105436358e-23	-1.00141979673931640380e-22	-1.46273804439462076899e-22	-1.75027415849170275794e-22	-1.37114931155602091892e-22	+3.96555995913816381675e-23	+4.04088384152428070267e-22	+8.67908851738479271223e-22	+1.10862473991632364359e-21	+8.35125121294398999199e-22	+3.78230716045126692021e-22	+5.45852041648779941437e-23	-8.14007231376346875078e-23	-1.01494028572481482263e-22	-7.88124059171433291163e-23	-5.16219906360952047179e-23	
-1.10153400959134358068e-24	-3.81252876695721169239e-24	-8.97237361117763602508e-24	-1.76455814804519118234e-23	-3.19294689187376343644e-23	-5.50732485590795471725e-23	-8.90309039159753936437e-23	-1.28764274649790329585e-22	-1.53807160177440491396e-22	-1.18754219241246229616e-22	+4.56610064611316087696e-23	+3.89992388667547188790e-22	+8.35125121294398999199e-22	+1.07037930422846123105e-21	+8.07582375196280586184e-22	+3.68282731395510407461e-22	+5.79708373965663859359e-23	-7.27406435922678739656e-23	-9.32075934782039515943e-23	-7.29913197437220891695e-23	
-9.03497304382172328786e-25	-2.96254325724332778011e-24	-6.44790551035110516641e-24	-1.14236894749982385741e-23	-1.87153166572260316142e-23	-3.05695389441658454202e-23	-5.02460589189279873060e-23	-7.96877850948117765173e-23	-1.14613844317295473145e-22	-1.36725270993334750161e-22	-1.03876895177035203071e-22	+5.05434405666025065385e-23	+3.78230716045126692021e-22	+8.07582375196280586184e-22	+1.03801063877646323074e-21	+7.84118018828755612231e-22	+3.59744268935668378792e-22	+6.08471868397948110120e-23	-6.53166298491116852883e-23	-8.60889226925490808839e-23	
-7.55211903259347849142e-25	-2.45405609999355791190e-24	-5.15037863377616800970e-24	-8.53047000107157643483e-24	-1.26632137887404687050e-23	-1.86603664023808328573e-23	-2.87786180529968623460e-23	-4.59615769197401489009e-23	-7.19640419956036327194e-23	-1.03085213306385338968e-22	-1.22785295770020178999e-22	-9.16367580151818765617e-23	+5.45852041648779941437e-23	+3.68282731395510407461e-22	+7.84118018828755612231e-22	+1.01025279454833916277e-21	+7.63895782277303056084e-22	+3.52344513102057088359e-22	+6.32981907877756364134e-23	-5.89042751446351450280e-23	
-6.45818675698005343823e-25	-2.07220638576559330175e-24	-4.27459304054403410757e-24	-6.88759478314150590882e-24	-9.64892432383512038685e-24	-1.29617180758469123004e-23	-1.80615819620128080930e-23	-2.69741033474926840901e-23	-4.22795277068474853548e-23	-6.55578288475603635398e-23	-9.35677181501598511191e-23	-1.11219673074807212230e-22	-8.14007231376346875078e-23	+5.79708373965663859359e-23	+3.59744268935668378792e-22	+7.63895782277303056084e-22	+9.86198016364882552093e-22	+7.46267491550303264904e-22	+3.45850576255217990684e-22	+6.54329326299021664964e-23	
-5.46675598252465467260e-25	-1.74757611271000945719e-24	-3.60048790464573677431e-24	-5.73009763367069817468e-24	-7.82514651728466173294e-24	-9.96586653590734315436e-24	-1.27405132008854768250e-23	-1.72767343501788329927e-23	-2.53169321667222461677e-23	-3.91300765941600376264e-23	-6.01679686805426625417e-23	-8.55840937831901996779e-23	-1.01494028572481482263e-22	-7.27406435922678739656e-23	+6.08471868397948110120e-23	+3.52344513102057088359e-22	+7.46267491550303264904e-22	+9.65133285926334491931e-22	+7.30787180970551099431e-22	+3.40123153735765059922e-22	
-4.47412142669867695391e-25	-1.46860226896205424581e-24	-3.04880859639433907910e-24	-4.82072177606500888961e-24	-6.49441618675354407251e-24	-8.08129280787880180284e-24	-9.83987855357918507067e-24	-1.23166922337859181903e-23	-1.64708767467481523182e-23	-2.38189699763967239744e-23	-3.64027743351300459043e-23	-5.55798518692526565423e-23	-7.88124059171433291163e-23	-9.32075934782039515943e-23	-6.53166298491116852883e-23	+6.32981907877756364134e-23	+3.45850576255217990684e-22	+7.30787180970551099431e-22	+9.46550886132012427984e-22	+7.17064016437140508473e-22	
-3.80413346708833022150e-25	-1.24346670417487394598e-24	-2.56381921384840883174e-24	-4.06293089537304634839e-24	-5.44614791341030410265e-24	-6.69178662756416624124e-24	-7.97126411497441296766e-24	-9.53034344631195831721e-24	-1.18239361383393546778e-23	-1.56872873354140857990e-23	-2.24726005169615601235e-23	-3.40288643481812982157e-23	-5.16219906360952047179e-23	-7.29913197437220891695e-23	-8.60889226925490808839e-23	-5.89042751446351450280e-23	+6.54329326299021664964e-23	+3.40123153735765059922e-22	+7.17064016437140508473e-22	+9.30033096640804469455e-22	

